2.896827251644083084e-02
2.809986176254939544e-02
1.950264931984379418e-02
2.020601712579167542e-02
1.931384556792110213e-02
2.196315796260232128e-02
2.375751762430535971e-02
2.865353120853589980e-02
3.076159933275720432e-02
3.505000144284339814e-02
3.888706573819211004e-02
3.840769285062389793e-02
2.682040752218742274e-02
3.787328276832365587e-02
3.191782161538776752e-02
2.685301616926613275e-02
2.310543099473491915e-02
1.748496752586321118e-02
1.396182978129153346e-02
1.359443835628410674e-02
1.519788559918551843e-02
1.557581214038289592e-02
1.643039816713101620e-02
2.558920549837107733e-02
1.292881594972430416e-02
1.602554842840714713e-02
1.677177159421487651e-02
1.732451171453142091e-02
1.881033965596717525e-02
2.030180358296565860e-02
2.243818826449688053e-02
2.135882967127693266e-02
1.986690079331686343e-02
2.031675902533328429e-02
1.850327213602191018e-02
1.709203804726832504e-02
1.839285371312963588e-02
1.573947019450373450e-02
3.837449617429274790e-02
3.724117030738095108e-02
3.312868457855880355e-02
3.026851476000702937e-02
2.453176606149933339e-02
2.538145435478485548e-02
2.625302854455736565e-02
2.934067394972704815e-02
2.348795855142239361e-02
2.089103227132705493e-02
1.493774178422643296e-02
1.963580087784714406e-02
1.824920849914965157e-02
2.030295830603204635e-02
2.072624724465791171e-02
2.252469892255731798e-02
2.379988946176131090e-02
2.709662521010663960e-02
3.157214472679037431e-02
3.351260686529432958e-02
3.221199108139217310e-02
1.508507699338729538e-02
2.225938527867259153e-02
2.127370862687267411e-02
1.925175078051829386e-02
1.807602825060047880e-02
1.466499597611820548e-02
1.301907167313217338e-02
1.619176558722316972e-02
1.923869419424174138e-02
2.322344675009516135e-02
2.842721085016592167e-02
3.243903375714259768e-02
3.481896406200100241e-02
2.359706277294516472e-02
2.327622757062124820e-02
2.217589772542302370e-02
2.293339670455155424e-02
2.298236428034495724e-02
2.415514771983364242e-02
2.318408343977643518e-02
2.592141523673905518e-02
2.960204463069130570e-02
3.369814499076230485e-02
3.882487875028568791e-02
3.973318280987309103e-02
2.293128290749081935e-02
3.954988839900579201e-02
3.194243860860787598e-02
2.676269145870190796e-02
2.238228136033195564e-02
1.721779840636617279e-02
1.504843911768215248e-02
1.490664103687028633e-02
1.664841187031974520e-02
1.752390294719126732e-02
1.940896380266733667e-02
2.658069061586547724e-02
1.570488531549844163e-02
1.606387577599456898e-02
1.767758758528790650e-02
1.901838849432959874e-02
1.828883069661544486e-02
1.795683947792591981e-02
2.535856180868786836e-02
2.405094008312464587e-02
2.454735985738842538e-02
2.385841606131168524e-02
2.179833173147482234e-02
2.228863141427922523e-02
1.826044992034643599e-02
1.736277399415667860e-02
3.474669476784273542e-02
3.473515595327476835e-02
3.583534120354026770e-02
3.068728319312695116e-02
2.810928617624419701e-02
2.871682980756258552e-02
2.553493820563005473e-02
2.485900682136402834e-02
2.678100700787746508e-02
2.006156321869084769e-02
1.453099560137810151e-02
2.105856282038491914e-02
1.938067597407472017e-02
1.757830891645815671e-02
1.710531331370060068e-02
1.935639824928090183e-02
2.246907763243448375e-02
2.614685460077636678e-02
3.050579383083939014e-02
3.598181258555144257e-02
3.615713699274079179e-02
1.346393438316823704e-02
2.845533899906277017e-02
2.658335499996240803e-02
2.310903076067587214e-02
2.005115402809571484e-02
1.740291875164549223e-02
1.530277542086081778e-02
1.402769414305279037e-02
1.470679429587127413e-02
1.646108161484832397e-02
2.161448375642488831e-02
2.598056696424161718e-02
2.902072168426930027e-02
2.645035772741827565e-02
2.564660174017833680e-02
2.376286757201115721e-02
2.416842135317168877e-02
2.624259089317709792e-02
3.037754599281210915e-02
3.317082604589575295e-02
3.244300920351153583e-02
3.570357119910395199e-02
3.821813003940285197e-02
4.094420474113292380e-02
3.687265855445203550e-02
2.629837719709824523e-02
3.549709758873307447e-02
3.467949418609853063e-02
3.343820966804381817e-02
2.864730491790272102e-02
2.349116275013458585e-02
2.245142269804036375e-02
1.814922843344918615e-02
1.784189509763369971e-02
1.713249501457447463e-02
1.826764560739518525e-02
2.573437621028609387e-02
1.502584702412114968e-02
1.616982434052363984e-02
1.730567042859591440e-02
1.853962365557173045e-02
1.906287504178679620e-02
2.060684153881437580e-02
2.264304607550050863e-02
2.222478736013601755e-02
2.153037942509163430e-02
2.292019421668503587e-02
2.219695299813939995e-02
2.080166014990105644e-02
2.369679705362325028e-02
2.192098870925937582e-02
3.902049811592292472e-02
3.578628554414522295e-02
3.633956543778921189e-02
3.752012331872746354e-02
3.687045011596075395e-02
3.717172178604982030e-02
3.172140723525236627e-02
3.294652727569127859e-02
3.212738297855793901e-02
2.660239602142223242e-02
2.041708619686426890e-02
2.147982298822539646e-02
2.045046822675756007e-02
2.062041887340404847e-02
1.936167797298501622e-02
2.137930633309938211e-02
2.345765299372579160e-02
2.455492455656271139e-02
2.573587498391905273e-02
2.777297397053722985e-02
2.913459584942417607e-02
1.981867687963075053e-02
2.060245956057136368e-02
2.068102264485939187e-02
2.235900376268838696e-02
2.105348806674161091e-02
1.945743627734950257e-02
1.908430607320025715e-02
1.855449355658397859e-02
2.197288586052451378e-02
2.490932805278810516e-02
2.758239101909694402e-02
3.074704826338137825e-02
3.005250930452011901e-02
2.432354445192464604e-02
2.811859220349348376e-02
1.677356939392719154e-02
1.874232069664020020e-02
1.841787096454925235e-02
2.173974793714877896e-02
2.271929263028214102e-02
2.410022386228697841e-02
2.589075738816397354e-02
2.478281227815323437e-02
2.894086361662237539e-02
3.627188140039324521e-02
2.750331381817443244e-02
3.286432343647485016e-02
3.091272921523229023e-02
3.020862993527489299e-02
2.582831970688781453e-02
2.052793316040243607e-02
1.704828248292374060e-02
1.630559502452112383e-02
1.658168619588076126e-02
1.474319233348793043e-02
1.765586161542342242e-02
3.129534006021358200e-02
1.248320633191031537e-02
1.468590966678880519e-02
1.592686801759592499e-02
1.702237201711132367e-02
1.763183476839208508e-02
1.878638353805547195e-02
3.258233140719142551e-02
2.666692322810819069e-02
2.524433319357995836e-02
2.170017502472547724e-02
1.436634254846822119e-02
1.753006309651895453e-02
1.637501162887702172e-02
1.439955802858042082e-02
2.896667639806980304e-02
2.330395504647084920e-02
2.693307422995148970e-02
2.206985468038398859e-02
2.127103415726005337e-02
1.973995170362038976e-02
2.341291576246229064e-02
2.456743636092838245e-02
2.348848862110762895e-02
1.987960504943941595e-02
1.475846636821840849e-02
1.789763689811691913e-02
1.872173979339342154e-02
2.377094469403159133e-02
2.653254207849898086e-02
2.767815122103363737e-02
3.351792035704573292e-02
3.239930899362818140e-02
3.722773370055056097e-02
3.196218274922812963e-02
3.116257973146021806e-02
1.497066852633397588e-02
2.366069512831724120e-02
2.071752117124752227e-02
2.256135184490831724e-02
1.478766989015043755e-02
1.448320271366059821e-02
1.151353594222162893e-02
1.603487346357656065e-02
1.644858350559267463e-02
2.087952577024775047e-02
2.742155111694806816e-02
2.574695846834707327e-02
2.733064463781611358e-02
3.563642908424816819e-02
3.433795361684102015e-02
1.750841190847449505e-02
1.857258768592616460e-02
2.098034895536083494e-02
1.981307093248797432e-02
2.085600757704045641e-02
2.827978183155791664e-02
2.795066467008167771e-02
3.180159179334175745e-02
3.517837309057186834e-02
3.593186672042190943e-02
3.347251447384697737e-02
3.712981794922064205e-02
3.285406142535300666e-02
3.202845963600906704e-02
2.759992956634561151e-02
2.616709191588554445e-02
2.325696726752835009e-02
1.725133712927448548e-02
1.520176586073631458e-02
1.463508001568595250e-02
1.497274908867217078e-02
3.332008713683055900e-02
1.126100671177214692e-02
1.140875813670368458e-02
1.403567826113552228e-02
1.769405830845667896e-02
2.314196533185076260e-02
2.459005090108921238e-02
2.574189910349073893e-02
2.303080129121329311e-02
2.221442169988440546e-02
2.265772335601061449e-02
1.922190312639332488e-02
1.550572112057022230e-02
1.547689623506563056e-02
1.903955313943678229e-02
3.398774554000023873e-02
2.788035372861302069e-02
3.207616144425200905e-02
2.626146058813216139e-02
2.660339428909447301e-02
2.139990599411294506e-02
2.164933530835318198e-02
2.064981656678364225e-02
1.816013448606196290e-02
1.757137668133459257e-02
1.455495629533275735e-02
1.851043299672539694e-02
1.558564486240677366e-02
1.759647455734079241e-02
1.703661804966687468e-02
1.949315808600956407e-02
2.344267262631079610e-02
2.661706062899595049e-02
3.313647452783038266e-02
3.734091036608325198e-02
3.825866325183549521e-02
1.452714828386149348e-02
2.907962956927863385e-02
2.672708561891713394e-02
1.913194655257239793e-02
1.639446789370782587e-02
1.179544287439063949e-02
1.143470316962952316e-02
1.358002085884738724e-02
1.517454260926647848e-02
1.998206677128459147e-02
2.015680436971072076e-02
2.447482960674931055e-02
2.724707949436746060e-02
2.418241286661541520e-02
2.507953000318540945e-02
2.161461478267882874e-02
2.254873816716794835e-02
2.134988880480775258e-02
2.404739881178608735e-02
2.719283295521652058e-02
2.675117640743292224e-02
2.947101699667479049e-02
3.199589943788374441e-02
3.984821733380970038e-02
3.756428794788682635e-02
2.512688950142310390e-02
3.729752923294827466e-02
3.685439097150599447e-02
3.275738076919954694e-02
2.650690242645646968e-02
2.154865685575772100e-02
1.879878509685564345e-02
1.693187035268147247e-02
1.558761639867227260e-02
1.515026540715726754e-02
1.747115490829241960e-02
2.726180508174535708e-02
1.383583110087741909e-02
1.309906502293302528e-02
1.561183354749288120e-02
1.695947693675688150e-02
1.993907904283820018e-02
1.770185051289309766e-02
2.580910535421563137e-02
2.450119500316190815e-02
2.322663925777528754e-02
2.386736650561466916e-02
2.127971331909211603e-02
2.019175733954460192e-02
1.763596738467484645e-02
1.607912119828328740e-02
3.061095984753558000e-02
2.997837725703713166e-02
2.718621626996434518e-02
2.814872018855263738e-02
2.887960178305241585e-02
2.529058704679652131e-02
2.787125681184885601e-02
2.778972112140528500e-02
2.442732620067742180e-02
2.007675886926358830e-02
1.642708166378101242e-02
1.709699545764565773e-02
1.752898578883414077e-02
1.987980594148794702e-02
2.219155530887133992e-02
2.484946205336615796e-02
2.637000059709680364e-02
2.793652759206782452e-02
3.215097142793726936e-02
2.820783123860479830e-02
2.738101380356776013e-02
1.767560806140175064e-02
2.022760464835416175e-02
1.858815776857790716e-02
1.656028572541532254e-02
1.450951719397350868e-02
1.484264722516033183e-02
1.359205759005498344e-02
1.893781863921093281e-02
2.177580157596615759e-02
2.528672043286041629e-02
2.736309344619041253e-02
2.745246482475999228e-02
2.913566639478523679e-02
2.777519701338294206e-02
2.759537346863283683e-02
2.155540303400532015e-02
2.261196092045519510e-02
2.224559018699407212e-02
2.267736513386786959e-02
2.735584529586610608e-02
2.707844707985248081e-02
3.139326190642024311e-02
3.608404464748721924e-02
4.320457337826327099e-02
5.008514048108529682e-02
2.973057203125371514e-02
4.152018893946531064e-02
4.028511532820642366e-02
3.708315523783413392e-02
3.073751486781944181e-02
2.474340066159574220e-02
1.942533378694909565e-02
1.649772759920557080e-02
1.515851097339197644e-02
1.822910193878503338e-02
2.044904398222354563e-02
3.184225112724012319e-02
1.653849795122918145e-02
2.026547551957725082e-02
2.090723996427428302e-02
2.039875539852251118e-02
2.079648297794500431e-02
2.058766258719571182e-02
2.996010984977390268e-02
2.993730639964916479e-02
2.667843115282023808e-02
2.689696833036855222e-02
2.293837231010872890e-02
1.819741044708287139e-02
2.129010343477972036e-02
1.996083160121376113e-02
3.584670897047449040e-02
3.982078697687885943e-02
3.364278423306252264e-02
3.275108604351448932e-02
3.245011321333627491e-02
3.283295276931233464e-02
3.293986648143026885e-02
3.097072156914064053e-02
3.106191742204078218e-02
2.891527572994697509e-02
1.802133440372092818e-02
2.502154347821550912e-02
2.453808682305301178e-02
2.621970381271221395e-02
2.555235312282371635e-02
2.592847803566903850e-02
2.439945242291240157e-02
2.571810405341746000e-02
2.508218157100930087e-02
2.706576201296370318e-02
2.632562404892922758e-02
1.757794058806815343e-02
1.908763891020426665e-02
1.968035115304577962e-02
1.896454402043559404e-02
1.782503092232946493e-02
1.877004765972089401e-02
1.674162191193829391e-02
1.824730114907137726e-02
2.098250307948696519e-02
2.605442448708151018e-02
3.047000117443575060e-02
3.373869897744036228e-02
3.466546895317992871e-02
3.501129612972127964e-02
3.611230590758186809e-02
2.366965152651110543e-02
2.311806713070910235e-02
2.114458565895303843e-02
2.405965656700721420e-02
2.717954134418251733e-02
3.026657212259400639e-02
3.331441318638733023e-02
3.378848569526177875e-02
3.688729079413627376e-02
4.104337119976260440e-02
3.461829909632350294e-02
3.597879888145132793e-02
3.510484049754922925e-02
3.103264095843299292e-02
2.816452439353232112e-02
2.472250781850168430e-02
2.205861902036496819e-02
2.227554525649650188e-02
1.843821647394556715e-02
2.018545497544107711e-02
2.121827396081508998e-02
3.450222641017469671e-02
1.680201928873295211e-02
1.788581674574381622e-02
1.918820177079292796e-02
2.111497643711137198e-02
2.220370632665773919e-02
2.556382280394933412e-02
2.814123886579284264e-02
2.368000051761471811e-02
2.373047355530412406e-02
2.076925913371965166e-02
1.955688563709160124e-02
1.896489231980607801e-02
2.786835728304426149e-02
2.587948551392941360e-02
3.978740424975173162e-02
3.641392913649835195e-02
4.168031606517070414e-02
3.928891335215364822e-02
3.842849596803236262e-02
3.592759660548299622e-02
3.335197146364807241e-02
3.492747604326786742e-02
2.769269424139625055e-02
2.936602703092838426e-02
2.179529044291627152e-02
2.430614363398348951e-02
2.244686187734062574e-02
2.260969551944196076e-02
2.098546025122296002e-02
2.214715978983679973e-02
2.484886979807656923e-02
2.483403966899027857e-02
3.396556201309289952e-02
3.435633167378140951e-02
3.754258616536870069e-02
2.175129309484073042e-02
2.799805804323610148e-02
2.552215162968607051e-02
2.214253612907307947e-02
2.080272509610212039e-02
2.008081772776759699e-02
2.015171325407055791e-02
2.106701910755715695e-02
2.394050462581982439e-02
2.419735462128885795e-02
2.722770194764415758e-02
3.336212389034808740e-02
3.587123625413947414e-02
2.562550495124258504e-02
2.040379854008298952e-02
1.945437115440480300e-02
2.001249422698133523e-02
2.441222924252388696e-02
2.328685633360075627e-02
2.818060253903858017e-02
3.093871034958316224e-02
3.404340107969788115e-02
3.258301984947237218e-02
3.355267092840676785e-02
3.759238566282453731e-02
2.139552806499904827e-02
3.561288259033285747e-02
3.087385007330594594e-02
2.843739847724540207e-02
2.570116320947367708e-02
1.831570056415173647e-02
1.487736765437195491e-02
1.358926575781137583e-02
1.534182024384498667e-02
1.594125306079235624e-02
1.620216181057925267e-02
2.260387866398932966e-02
1.284655552713331178e-02
1.529700682105020366e-02
1.711302606265684145e-02
1.803487961121833655e-02
1.835428648497391610e-02
2.029388330431365628e-02
2.281713708043013947e-02
2.216603473597161464e-02
2.287612340273669984e-02
2.379054543664501850e-02
2.116329448617312523e-02
2.004721605364562231e-02
1.468485816974873098e-02
1.491759879337607210e-02
4.172476535386116653e-02
3.962014538033845762e-02
3.600202432819919751e-02
2.894035583354094554e-02
2.606854117012175065e-02
2.665225844175026296e-02
2.494438626671241499e-02
2.427221055009612730e-02
2.098314906523079601e-02
1.892831906489631996e-02
1.441360351872113775e-02
1.755746710385644796e-02
1.903930774452330249e-02
2.193496791618639030e-02
2.520475530356611898e-02
2.731609997143088359e-02
3.085218284532835822e-02
3.185475111616861699e-02
3.371305439538341275e-02
3.153838397082670691e-02
3.261915680054188610e-02
1.581890288908284481e-02
2.543692776533818325e-02
2.450556956001100420e-02
1.878338558783956488e-02
1.567306478593303437e-02
1.327183459333788028e-02
1.238329818864073069e-02
1.894449128962503309e-02
2.050805818126832936e-02
2.484934541982774039e-02
2.992808537237252181e-02
3.598835150680067957e-02
4.033249098312081948e-02
2.355691675426777043e-02
2.258248052278837015e-02
1.899070784428758332e-02
2.075777252127299424e-02
2.103133255200111129e-02
1.934500040854152808e-02
2.141060084875662933e-02
2.530716350000555837e-02
2.676328101069912549e-02
3.081604398412120943e-02
3.827072766547293114e-02
4.020529905978148522e-02
2.261161714002504070e-02
4.144835616536245160e-02
4.103213698374027357e-02
3.564642715031017539e-02
2.866277459781827602e-02
2.685504860375333494e-02
2.113014370018647184e-02
1.651230831908237842e-02
1.704423902607019731e-02
1.643987861265327685e-02
2.074535953845786998e-02
2.699185637145829278e-02
1.632257402467982010e-02
1.650527986951276851e-02
1.807392007479948631e-02
2.080007418209680117e-02
1.891694088001326379e-02
1.843301048423030830e-02
3.067037351134722575e-02
2.826259367908837833e-02
2.885917624498201758e-02
2.783096398153380238e-02
2.249847322401103342e-02
1.753863848646341345e-02
2.547255369765420371e-02
1.971368908963543748e-02
3.326306900520000637e-02
3.403286937365647413e-02
2.837796211758825127e-02
2.522446936279942875e-02
2.698430279187837705e-02
2.639998381369860689e-02
2.519143381315044200e-02
2.515736986337461720e-02
2.318842225842035476e-02
2.399368944863779912e-02
1.498985766220690269e-02
2.040277893325238151e-02
2.049059476012142847e-02
2.308909920681671835e-02
2.447159719928628657e-02
2.436291355803380659e-02
2.740385815789702847e-02
2.789851527764177636e-02
2.688762162940458444e-02
2.743168250051496171e-02
2.578701988709482945e-02
1.444687664306366047e-02
1.839869341506397693e-02
2.136564830962151343e-02
1.984948991950589645e-02
2.122385299764247002e-02
2.088942015984265529e-02
1.889987983256832815e-02
1.622292667620855999e-02
2.084533363539913323e-02
2.603275079080996993e-02
3.008066542384265490e-02
3.152783142508382153e-02
3.292731298168377618e-02
2.991676797522056439e-02
2.788303644080582233e-02
2.225806704838733177e-02
2.324600296826392562e-02
2.517891120159519366e-02
2.473128675045085240e-02
2.510804226402194722e-02
2.660382881812434902e-02
3.050646135679459248e-02
3.252188279512099878e-02
3.547623927888730877e-02
4.195410240757647957e-02
2.767839564116069545e-02
4.148039168685921374e-02
3.782971571590629939e-02
3.020071510139229337e-02
2.351290131597177230e-02
2.013359693440745085e-02
1.566952381668084565e-02
1.587098873359490958e-02
1.660710251331828577e-02
1.745276627778506381e-02
1.972425389966303219e-02
2.622109230999800783e-02
1.592308837525831244e-02
1.634771654192145388e-02
1.820836175270192092e-02
2.134296205275640346e-02
2.147774874699802383e-02
2.021418824340005457e-02
2.575860453736389735e-02
2.437318126972886842e-02
2.250668642803894254e-02
2.208623804797287329e-02
2.013014931630770915e-02
1.977619769944855346e-02
2.051869357911143693e-02
1.901116567714459388e-02
3.567935957972999395e-02
3.431685006476992844e-02
2.913744943014015890e-02
2.574805151760740929e-02
2.472059133375444084e-02
2.676973920586505490e-02
2.888606245366424560e-02
2.874903129603158941e-02
2.873439125408808192e-02
2.512531858582349106e-02
1.725760154612262023e-02
2.314241621025862200e-02
2.015032743910915095e-02
2.342955391991931660e-02
2.060275469205664900e-02
2.332764083993458040e-02
2.459955003193683987e-02
2.509084236380663274e-02
2.616800231935651963e-02
3.044879070121774001e-02
3.511245823514428516e-02
1.599530903150154365e-02
2.394362462799786220e-02
2.400960361640742599e-02
2.159778249092482449e-02
1.938380343675406847e-02
1.695060534251372625e-02
1.618544143161394430e-02
1.588888025957770414e-02
1.706183593384223360e-02
2.229661554860730074e-02
2.655451554675205411e-02
3.473667715559757008e-02
3.697414207526939639e-02
2.584574771070211746e-02
2.572339386323481067e-02
2.410844581987373753e-02
2.492149764255080849e-02
2.613275681477274931e-02
2.672894978907590716e-02
3.065417221092547884e-02
3.282034635367927361e-02
3.494032874942264166e-02
3.922189022570339578e-02
4.285091014482498434e-02
4.877625741026310469e-02
2.435202684028978798e-02
4.263129603082873448e-02
3.256663638618537138e-02
2.694676214352429919e-02
2.347459623343574678e-02
1.896762058125035788e-02
1.526782489029924333e-02
1.497204731517241122e-02
1.552607674107648467e-02
1.793884364181525665e-02
1.750659974283378870e-02
2.469456996096548035e-02
1.648722990777169023e-02
1.655615160137801842e-02
1.867685156126445978e-02
1.911805514123452940e-02
1.943086449447074121e-02
1.914202053333192988e-02
2.288347426220395386e-02
2.330124629800105901e-02
2.248150808005824203e-02
2.212980027839882291e-02
2.100615800571277100e-02
2.011680747566486210e-02
1.861149189167241730e-02
1.684872262297301693e-02
4.074042098310202975e-02
4.144312266038667480e-02
3.574644689463727515e-02
3.289737139588916337e-02
3.573690941487897565e-02
3.507376574444989736e-02
3.412105900635557798e-02
3.160612276538041221e-02
2.886443555799278124e-02
2.766337911216591033e-02
1.542990785038451766e-02
2.433455993575683179e-02
2.243593890240698149e-02
2.221173589757036507e-02
1.988440707708106700e-02
2.076739916751496606e-02
1.986303139495459308e-02
2.505832250049203763e-02
2.673643583754633027e-02
3.004571169221883359e-02
3.139140486110412326e-02
1.618368061788577617e-02
2.310177262045692848e-02
2.126013092831667214e-02
1.945628996007287698e-02
1.778313963338493814e-02
1.491372967779788783e-02
1.581004491267554851e-02
1.425483832056765286e-02
1.793382662841542380e-02
2.417884437368933784e-02
2.847280103298405543e-02
3.305532304910216435e-02
3.509913935379775640e-02
