4.988127645554760292e+00
4.439037517446646319e+00
3.305910124685377038e+00
2.623000797188673072e+00
4.046053077557985489e+00
8.947449776057153636e-01
1.133107873711458824e+00
3.428251486517854829e+00
8.133575291739044699e-01
1.170924518929021607e+00
2.214517364686116263e+00
1.146044099448474851e+00
2.846541368219494217e+00
1.651438407459340896e+00
1.474653718620879461e+00
7.374657769315863254e-01
6.947555342011686452e-01
2.543094601824710477e+00
2.636414157939928060e+00
4.542272663377227460e+00
4.352388647481743256e+00
4.163687417201598073e+00
4.755834775310011864e+00
2.844738258879035531e+00
3.720072613977272624e+00
2.964027049637809164e+00
2.128707698694416006e+00
2.363008782962179311e+00
3.173432287976504451e+00
3.925839132958350408e+00
2.761264724483315725e+00
3.180729007122359953e+00
3.553483198321027992e+00
2.202488729888884667e+00
3.250144690414050519e+00
1.758986717144067624e+00
2.036214981914833633e+00
0.000000000000000000e+00
4.223577423313139789e+00
2.000179684380949396e+00
1.872791572469597599e+00
2.350175219117784042e+00
1.226221719373431940e+00
1.701775351001189929e+00
0.000000000000000000e+00
4.721513072443839221e+00
1.026002870236722542e+00
2.584573555605374384e+00
0.000000000000000000e+00
0.000000000000000000e+00
2.351847674395957100e+00
1.584506982508611106e+00
8.787787606552106556e-01
5.348231867283850249e-01
8.043620637787695093e-01
0.000000000000000000e+00
0.000000000000000000e+00
5.544678036786181430e-01
9.982012672914745144e-01
0.000000000000000000e+00
1.387090041495939730e+00
3.407663794891111486e-01
2.119545678725666793e+00
1.786674365415087173e+00
2.980353764334057853e+00
0.000000000000000000e+00
1.385503265653339922e+00
1.805320774100427128e+00
0.000000000000000000e+00
2.464144896862316525e+00
2.785872450885475082e+00
2.519135720611975771e+00
3.141667030334812427e+00
1.759939600040151708e+00
0.000000000000000000e+00
1.256653014438501748e+00
1.025784247140608674e+00
1.614668298110997879e+00
0.000000000000000000e+00
7.187951539421535418e-01
2.023385157901036013e+00
1.321825651574543903e+00
3.477286719351661226e+00
4.607872824919351906e+00
7.618888184543578523e-01
3.680538348469546417e+00
3.897955119851532313e+00
1.828820612321396366e+00
1.628582048264708204e+00
2.020361414842559711e+00
2.740988107968501009e+00
3.185186507888834395e+00
3.533511115604942354e+00
4.970731085119526327e+00
6.292932695052873449e+00
1.440647573536908643e+00
4.890313807274377034e+00
3.600238225152541549e+00
4.231318637045158759e+00
1.929422924465910238e+00
1.480452480189492714e+00
3.086979226924913444e+00
4.902354082440266936e+00
3.830686425578411658e+00
3.767695829571515276e+00
5.751875951123617270e+00
4.345392581066815474e+00
1.963285052267103925e+00
2.083799327121500511e+00
6.440446206258154671e-01
4.645447521526782531e+00
7.819433046112200358e+00
3.220359750982990654e+00
3.769875468859167800e+00
2.623444864301543777e+00
1.222921700767534814e+00
3.784111092684824262e-01
1.088373735877226300e+00
2.025759631615582368e+00
2.225896922592642380e+00
0.000000000000000000e+00
2.100187140753389414e+00
4.158230106621302880e-01
1.395187677578081153e+00
3.758171334567185773e-01
0.000000000000000000e+00
1.177778004583103000e+00
0.000000000000000000e+00
7.917335281254320734e-01
2.884526676971046477e-01
1.663794272644955496e+00
1.664563849580917410e+00
0.000000000000000000e+00
2.201175027393278860e+00
2.364453133561532638e+00
2.773934443862007271e+00
2.831841365525078480e+00
0.000000000000000000e+00
1.347893695402473613e+00
3.189904622424409641e+00
2.617648421916711321e+00
3.661504885651931218e+00
4.562878540428203955e+00
8.118736732107107557e+00
2.450457390700081728e+00
2.603185282270855438e+00
5.272560923100457764e-01
0.000000000000000000e+00
0.000000000000000000e+00
3.692670957054507763e+00
5.193892641246403485e+00
3.972597493640624755e+00
3.819869171445632094e+00
4.429515589826023891e+00
7.885739522616558972e+00
3.393102755464021403e+00
8.919639751889902879e-01
2.694941385613920826e+00
2.904439843999376158e+00
3.886140386298106097e+00
2.975316952961396311e+00
1.235136947109018335e+00
2.303423187180315690e+00
3.243249717724417391e-01
0.000000000000000000e+00
1.953243019145938675e+00
3.536470708352028591e+00
0.000000000000000000e+00
1.158525283810855733e+00
3.774584533265142650e+00
4.564243786567583783e+00
2.282843330007643612e+00
3.245219231701200080e+00
1.470527732577430413e+00
1.423521233442371914e+00
1.249042302091290635e+00
2.590085709313884266e+00
1.363337880802141022e+00
0.000000000000000000e+00
0.000000000000000000e+00
2.568794694508566234e+00
2.450989000422116426e+00
5.988799363212101490e+00
3.304346743097359873e+00
3.698794385312573763e+00
4.180718552720158243e+00
5.739536747244209813e+00
4.659921468911529807e+00
1.242121179765591332e+00
1.484816130342178742e+00
1.618402486705243559e+00
9.764134825059104239e-01
2.969248619959204749e+00
1.331987916623205370e+00
1.845761631710602035e+00
3.019088471778068161e+00
4.391338290580126369e+00
2.848134087391005043e+00
1.401434735000425924e+00
1.233922983951597496e+00
1.958580225589126256e+00
2.145646913447413429e+00
1.950824606155256324e+00
2.320486976122009715e+00
1.050856773871762018e+00
2.770850552776348286e-01
0.000000000000000000e+00
0.000000000000000000e+00
3.446040000281864191e-01
2.643120393675867152e+00
1.317548925695577688e+00
2.573031644189695655e+00
2.719067422417073221e+00
2.139997084540898875e+00
1.988770581612025135e+00
0.000000000000000000e+00
1.243053684560391581e+01
4.363770935781480453e+00
4.389073413078572017e+00
5.363169167026492268e+00
8.373763305371799248e+00
3.223798832182784402e+00
5.616715121593276017e+00
3.698553872253085739e+00
3.489410572526384424e+00
8.432558668338412389e+00
8.369511851653358647e+00
1.362973129904418101e+00
4.349562587136966307e+00
4.761613142462287840e+00
4.594505216733441699e+00
2.500354265813634402e+00
9.893281317923228180e-01
4.204072868142203490e+00
5.843522978622209152e+00
2.528227411395814972e+00
3.280692422994908042e-01
4.278523695715553465e+00
9.874081205583555843e-01
7.844269792305077482e-01
4.343192509810377189e+00
2.904110054650399508e+00
4.475498695053752307e+00
8.256001719491255386e+00
1.000257409750713222e+01
1.016215598979375656e+01
0.000000000000000000e+00
4.501660887700416502e+00
6.284790486389216113e+00
1.241698220134716912e+01
1.529848971426940096e+01
1.562987984991999646e+00
1.590900738123278924e+00
2.876183574481348870e+00
1.561892937540037885e+01
2.401463597294164387e+01
1.665262798636780062e+00
1.073888649285792063e+01
7.326962347169596157e+00
8.846765847229239199e+00
5.083159785581199408e-01
3.319220376660589000e+00
4.967078943873026731e+00
2.204405375602859429e+00
0.000000000000000000e+00
5.348129933512583145e-01
1.492002472826955417e+00
3.430449348588048064e+00
3.239490660689722024e+00
4.927369104048347381e+00
2.780199343050108851e+00
4.860711765883545254e+00
1.041914412288828862e+00
6.624997879395836620e+00
5.120454749639329783e+00
3.850543501713934447e+00
3.627349515070520614e+00
2.313647830422555174e+00
4.303389617979708426e+00
4.362724229957245292e+00
1.946915093559845378e+00
5.207559542780063389e+00
7.427527401036396526e+00
1.153384305606811644e+01
1.375759328877112075e+01
7.218152884166485705e+00
1.663176289963095655e+01
1.971692689728235948e+01
2.605244346143852585e+00
3.538213374813598655e+00
1.566838241206535809e+00
0.000000000000000000e+00
0.000000000000000000e+00
1.830985402472971701e+00
4.077087359103974684e+00
2.391982955453834325e+00
2.696686673723850958e-01
3.157828385210003308e+00
1.812237369573370005e+00
9.127378949085681370e+00
2.332408782044445683e+00
2.256335261617172794e+00
5.170889673049742008e+00
1.001320567888526858e+00
4.496527054576076599e-01
5.395037778189928801e+00
6.278897666759443830e+00
1.883997538017226914e+00
4.223206965670105451e-01
1.479901368456047805e+00
0.000000000000000000e+00
1.064966111688570027e+00
1.152150772726088457e+00
1.545909286294314233e+00
9.512874531553383584e-01
4.543439331193622976e+00
2.524604918345036086e+00
3.931248946042172232e+00
1.871453578871896006e+00
2.853755468552094055e+00
2.430312349985098930e+00
1.178001391297877065e+00
1.006646235065234984e+00
1.039892935682385611e+00
1.913752938747089072e+00
4.818320608883000844e+00
7.665631493787833151e+00
1.829583255443088419e+01
5.743199310261879909e+00
1.309290598094789360e+01
7.530424902656367436e+00
8.229068775694061699e+00
4.641082259695516576e+00
4.154414540343228657e-01
2.049533860575579514e+00
0.000000000000000000e+00
1.613346863044494262e+00
3.540112909704812516e+00
1.061466796084843844e+00
1.668308385133611127e+00
2.961941635559083963e+00
1.891982111694526125e+00
8.239519754076254365e-01
3.963475403277213260e+00
1.323242095730942536e+00
3.570052677863025714e+00
2.695773992046656353e+00
1.732212203820776786e+00
1.367153941494354319e+00
2.361632221467077741e+00
6.208330552576518002e+00
0.000000000000000000e+00
5.605279330694341589e+00
1.469175986459396288e+00
3.931062179662103251e+00
2.669714294476155825e+00
1.069431986710084326e+00
6.045980671766697512e+00
7.059836075778843423e+00
1.301514819831379555e+01
0.000000000000000000e+00
8.475289304244123523e-01
0.000000000000000000e+00
2.303730417193878388e+00
6.215545070210146683e+00
1.863386215838998217e+00
6.755473280134037806e-01
1.428424923571803395e+00
9.103480910775012536e-01
0.000000000000000000e+00
5.020792573548029658e+00
2.208705777549966331e+00
0.000000000000000000e+00
2.245340503608220128e+00
1.286814588676336690e+00
1.896041961782078511e+00
1.009847842429496323e+00
1.308262325759042000e+00
1.239332785627604405e+00
6.404275968749388870e-01
0.000000000000000000e+00
0.000000000000000000e+00
1.172386035266815174e+00
2.110697182137964756e+00
1.860068690536185620e+00
1.472749217762933105e+00
1.133490351590422884e+00
1.256730124586677544e+00
2.021494860922478765e+00
0.000000000000000000e+00
0.000000000000000000e+00
0.000000000000000000e+00
1.078054941987014681e+00
1.302335093698205659e+00
1.545900426780770998e+00
7.156694296411184597e-01
0.000000000000000000e+00
0.000000000000000000e+00
7.864098745243683908e+00
6.962508729552563835e+00
3.841050924449352255e+00
1.126376536119286120e+00
1.955934029441193323e+00
6.516165845843890914e+00
2.326764385503734989e+00
1.098361135850581816e+00
2.319855369172559634e+00
3.417983855902179791e+00
1.164130634037784606e+00
4.995900869832169633e+00
6.711654876627428656e+00
5.958463607218316582e+00
5.476937552730499092e+00
1.309283144077010741e+00
3.183034540783247213e+00
3.476367713406423476e+00
2.664797482824280639e+00
1.553328570392600527e+00
7.463833601201799173e-01
1.891851837916360468e+00
1.004956454413184375e+00
1.146799990491436549e+00
1.513047359977211404e+00
2.736224311763635342e+00
1.835686654855548827e+00
4.494499263077323392e-01
2.290869570514315168e+00
1.117043754510219866e+00
1.750847043693405380e+00
4.516108272040176175e+00
4.354848071712900115e+00
4.171286728116374576e+00
3.273250763269174524e+00
1.754941737171330729e+00
1.293262026522043584e+00
2.812843745560204667e+00
1.463166513663655133e+00
1.144777213282115014e+00
1.250572577478147984e+00
1.030220444252514911e+00
2.003786842945140201e+00
4.594471945012702285e+00
6.243255909853776764e+00
4.726416279503647289e+00
0.000000000000000000e+00
6.663844264604562362e+00
5.878839302285752133e+00
4.343313768002843744e+00
2.420708226456996126e+00
1.320875073493704921e+00
9.149986894931922965e-01
2.120025582897428151e+00
3.844996137207156717e-01
2.214789172580295951e+00
1.184208617864928481e+00
0.000000000000000000e+00
1.155184438265890234e+00
2.371634288212249420e+00
1.641948639775049346e+00
0.000000000000000000e+00
1.930114540755173191e+00
1.621862978125332422e+00
2.194447448133292067e+00
0.000000000000000000e+00
3.195414818641300059e+00
2.404591425453979969e+00
1.760493423542963898e+00
1.233406293166291245e+00
1.246474545336644368e+00
1.283147766795209588e+00
2.239685180418533150e+00
3.427822760347538189e+00
2.048775647077134110e+00
0.000000000000000000e+00
5.743434724907902078e-01
1.994946123611790911e+00
3.532917502545712019e+00
2.962610259819581593e+00
3.274097996089717633e+00
1.536158885755221970e+00
0.000000000000000000e+00
1.069555848819024213e+00
1.632135173084158453e+00
2.049117292602581131e+00
0.000000000000000000e+00
0.000000000000000000e+00
0.000000000000000000e+00
1.370622376276365406e+00
3.130409216671319328e+00
1.867739846143691373e+00
1.013634903764128792e+00
1.171081917152673180e+00
3.615442464461702810e-01
1.548768311460360536e+00
0.000000000000000000e+00
0.000000000000000000e+00
1.355052710766182056e+00
1.269833335257976259e+00
1.358576563113473412e+00
1.034438076094801318e+00
7.353886377851314160e-01
2.090757427205825747e-01
3.860658197896150168e-01
6.117217496625790840e-01
2.693051750696678237e+00
3.030322232364841106e+00
4.877418486568503297e-01
1.173107074112947679e+00
4.968529748278061042e+00
3.568985334758749683e+00
2.083912114987657827e+00
2.634704161707096315e+00
2.963045881017027483e+00
5.504298955335334753e+00
3.209358808035231991e+00
0.000000000000000000e+00
1.833142987851573258e+00
2.902722675657370743e+00
6.235815822826356047e-01
1.510915212324642765e+00
1.158357619367373914e+00
3.290411432567887040e+00
2.491191333607851277e+00
3.470649762641897507e+00
1.585113235698334178e+00
1.864298427603292341e+00
1.161262353455134289e+00
3.624768000196326945e+00
1.217629229977976291e+00
2.129078709598166697e+00
1.265816957485271566e+00
1.917084866959759548e+00
1.919547988724780607e+00
2.606092741220202846e+00
1.287909475760998346e+00
1.420104625330472770e+00
3.064544295957371656e+00
1.455598187467111337e+00
0.000000000000000000e+00
6.956746496587217221e-01
3.469559480400977947e+00
4.009018295943210575e+00
3.781548233960187577e+00
6.469524146586601576e-01
6.539009816146985621e+00
2.409993257906963393e+00
2.993982854824968953e+00
2.052039134074585380e+00
2.006068141060424193e+00
4.634813348434072111e+00
2.180418994348971573e+00
1.457254333717331596e+00
1.136171886683944532e+00
5.832314794383602896e-01
4.538289254366186576e+00
3.594714677238070255e+00
3.773839890178940060e+00
2.186959925819277561e+00
1.274794620821873004e+00
3.873589424798618452e+00
5.060856619708841819e+00
1.660664413799231687e+00
3.267925629633075424e+00
1.989711988471955628e+00
1.566103756327456464e+00
1.045067666147345475e+00
1.143009897194010804e+00
4.886699290197436540e-01
1.141585673745918239e+00
5.255537117834108152e-01
1.658870978597807966e+00
3.547958839280976218e+00
1.372699764292553359e+00
1.706170368713491925e+00
2.578443796252111841e+00
4.104139816958543463e+00
2.240121782721296917e+00
4.035353860362516087e+00
3.400112969960811249e+00
5.088080006480264039e+00
6.070285319854884065e+00
5.822407600691514418e+00
1.216058023319069203e+00
2.132432197076473912e+00
7.315375675390060062e-01
2.258706244590635848e+00
1.969053654199154790e+00
1.428849241802894854e+00
3.934045755725512183e+00
3.423368973983297980e+00
3.928594398205555560e+00
3.190501515697340196e+00
2.055174053207110274e-01
4.380985460585043789e+00
3.684001796817903074e+00
4.188572433869421907e+00
9.111890706645486837e-01
2.316116228363892304e+00
6.427022226874299804e+00
4.412777080284727482e+00
7.059775590165353165e+00
6.807029926195690805e+00
6.470964943509567746e+00
4.586372965347723429e+00
7.405964792455182355e+00
5.753957029985408589e+00
5.296588793815532270e+00
8.100177199515277593e+00
6.953600201425181204e+00
5.958762905169996849e+00
5.396260265478678875e+00
3.262939580215980406e+00
1.798478842674148925e+00
1.357322094767337450e+00
1.218317347867742484e+00
1.492627387206143519e+00
1.405674763575889941e+00
1.467735110691605671e+00
1.496099607831965717e+00
1.984359695839146065e+00
2.035474907390694366e+00
4.445246700905536308e+00
2.928656174249299138e+00
1.310102479512278206e+00
8.620254542468683834e-01
8.668324736751378268e-01
0.000000000000000000e+00
0.000000000000000000e+00
2.432303210049381548e+00
2.968696329892636321e+00
5.357051692475040205e+00
5.623939193454638996e+00
2.495558185930744521e+00
1.724100700274067366e+00
1.030045562278367299e+00
8.464226841650616118e-01
1.194533901766229311e+00
3.755280327880444191e-01
5.455294709424506339e-01
1.287267746712529526e+00
0.000000000000000000e+00
3.970977608200004227e-01
1.645372732442377917e+00
0.000000000000000000e+00
1.224184284962718916e+00
1.903679134767545689e+00
0.000000000000000000e+00
1.442962573995239639e+00
4.938005758949622903e-01
1.457585268569592474e+00
1.956460441331878408e-01
1.469379155077858989e+00
1.682855070975788125e+00
4.145392642072687650e+00
2.109057662824506352e+00
1.121421438155963957e+00
1.420751922140058410e+00
8.586329855141257017e-01
2.397998207986691277e+00
4.684484525033642655e+00
4.620098309628460909e-01
1.858182257220465150e+00
0.000000000000000000e+00
1.454773775921807566e+00
2.534714382863889170e+00
2.332988934958366123e+00
3.317477565831618236e+00
0.000000000000000000e+00
1.803923423192304254e+00
1.791883215440364330e+00
9.760515292451693581e-01
0.000000000000000000e+00
0.000000000000000000e+00
1.307531043907592894e+00
2.067264451962450345e+00
3.645460366158692178e+00
8.767331906954145548e-01
9.244849434369858399e-01
2.273293775586378462e+00
1.464609353103538458e+00
2.313693830724434797e-01
5.996120087444626323e-01
0.000000000000000000e+00
8.626592483469728290e-01
3.465591192211581628e+00
2.487377804687482374e+00
1.736415689661565898e+00
1.561212895225110753e+00
0.000000000000000000e+00
5.643227510919228695e-01
1.266026294028565813e+00
0.000000000000000000e+00
2.245352132214343932e+00
2.239645164124552501e+00
1.226978560987416200e+00
3.201460668810400811e+00
1.265784763807817903e+00
1.913831408090528763e+00
1.602888206908525959e+00
1.271630588358174885e+00
2.398985455903251740e+00
5.076047001573284589e+00
2.064278118535722850e+00
8.854950677759758637e-01
2.092444842380176695e+00
2.161075593730490407e+00
1.433700607200652843e+00
3.223093828961305807e+00
1.294083957844823995e+00
5.654366451707932839e+00
3.743966047777476103e+00
5.316400226506039495e+00
4.079657923016747567e+00
2.325080813910337163e+00
1.305722329860420361e+00
1.080976756852113141e+00
0.000000000000000000e+00
7.148925128419928443e-01
1.467202870465884823e+00
2.875458472667346554e-01
0.000000000000000000e+00
1.204868036043828416e+00
1.929698133179536867e+00
2.153421126755879378e+00
2.355826704865865207e+00
0.000000000000000000e+00
0.000000000000000000e+00
1.152519679221835291e+00
6.189816836287451718e-01
3.022587310605494348e+00
2.979580837083109390e+00
3.062041425645839476e-01
1.580599815233811212e+00
1.334505345861851433e+00
2.106720294396090765e+00
1.771692798991482576e+00
1.147923808924688149e+00
9.609346025113744139e-01
1.722352058850264322e+00
1.029787025811853107e+00
2.464168293428911083e-01
2.521535093404288386e+00
9.422504273619592974e-01
1.224526719259975138e+00
1.552746652143338180e+00
5.646189434514751193e-01
1.402452958468141775e+00
0.000000000000000000e+00
1.313635683376428887e+00
1.081096354014937866e+00
0.000000000000000000e+00
1.147078900965124548e+00
0.000000000000000000e+00
2.307305585823729466e+00
2.262489227536074399e+00
2.873273731222317107e+00
2.995188327048264210e+00
4.182804462371033871e+00
0.000000000000000000e+00
1.964359793827287648e+00
0.000000000000000000e+00
0.000000000000000000e+00
1.220343457226979123e+00
2.965201788670520866e+00
1.734178589204796284e+00
0.000000000000000000e+00
8.156791373438937454e-01
1.521954079274700389e+00
3.849789948599678713e+00
1.898156966845116811e+00
9.085737606338357697e-01
3.598797194999165505e+00
5.563481002792020069e-01
2.103523528588804314e+00
2.224012292021066095e+00
1.815780845202210836e+00
2.129290569612286854e-01
1.346125225852409901e+00
8.667392958404152026e-01
2.202790537261113180e+00
2.109955403645013661e+00
1.630539734872030300e+00
2.361047495812891750e+00
9.987097736776426871e-01
2.398130587589443863e+00
3.819187757352226154e+00
2.222918278103755085e+00
2.700411806739434706e+00
2.114153480427231724e+00
1.282967419039144685e+00
2.422149137261798035e+00
1.643985617394477572e+00
2.556417092907278921e+00
2.213973276671513446e+00
2.865490824121275093e+00
5.135877658367935528e-01
2.231102524885595795e+00
1.678114724294704541e+00
3.257759222782392605e+00
3.970127085842719339e+00
2.243606427752420363e+00
4.295306138232658277e+00
8.041241011223276836e-01
2.783636643135404931e+00
2.317931357835456563e+00
1.285288007993364401e+00
4.774847319328739736e+00
5.280028877027739931e+00
3.797272503200598948e+00
1.457458820394379240e+00
2.077074034406862779e+00
1.453568586705790977e-01
1.269881481604615558e+00
1.866281267320651027e+00
6.173277930388809676e-01
2.498290616186150892e+00
3.421028168303410499e-01
3.909797446206443317e-01
0.000000000000000000e+00
1.506776818187567590e+00
3.250981325228198937e+00
2.919896048672013134e+00
3.613012544972488804e+00
2.752831907001112466e+00
1.347683598059001175e+00
0.000000000000000000e+00
1.417494722447591560e+00
1.447333713785910803e+00
2.221416037042518443e+00
1.655618502838163364e+00
1.921794763874250522e+00
4.842698154518866538e+00
2.598259737223856725e+00
0.000000000000000000e+00
4.048181021413680192e+00
4.404687911291171432e+00
4.610056402342646464e+00
2.690338475921467243e+00
2.257575213568782768e+00
2.574599372386462193e+00
0.000000000000000000e+00
3.082742786325880058e+00
2.556742317612765270e+00
2.754272960279930960e+00
1.153074880437428895e+00
4.671199127950889096e-01
9.187015874894856049e-01
8.387521080178297339e-01
7.183664411486507806e-01
2.917268217332277924e+00
1.874217020919377141e+00
1.503873164593674483e+00
1.245883769631359383e+00
2.363351281652762648e+00
4.047453757547753384e+00
2.568067133795563617e+00
1.712490370546183360e+00
9.671684827536126683e-01
7.829971826348022246e-01
1.055882452629764323e+00
8.243597516493919031e-01
1.732533308484665469e+00
3.598270317925278849e+00
1.890918632243606679e+00
