8.505997956150597450e-02
1.035636100774200569e-01
8.073966323264859801e-02
3.397303914472313280e-01
6.901624059209698903e-02
2.285807201301900266e-02
1.768758163555398666e-01
8.409388213348187313e-02
1.221338048699096152e-01
9.738409808928745470e-02
1.574712776588025123e-02
4.112053320122904809e-02
4.287101285072592721e-02
4.521302222076929028e-02
8.614632191152025997e-02
4.638138545461953366e-02
2.607286868799991650e-02
4.405408465436077420e-02
4.493066814182039570e-02
9.673014304884490489e-02
8.685313924266009622e-02
1.475390400888209295e-02
6.165328250052277970e-02
8.855497545910019641e-02
1.063365265264940573e-01
1.064053387977220988e-01
4.534873897175768082e-02
9.603359058710264629e-02
1.166454014287751084e-01
9.754108129056965337e-02
1.905992928521174079e-01
9.496851925609132994e-02
1.397528351298041316e-01
1.826688952801938104e-01
3.799310828397882145e-01
1.886493925157411433e-01
3.733735346195523469e-02
3.124368044862897709e-02
1.074762658070674282e-02
3.194926833602912408e-02
5.433287691443494660e-02
5.080546096423418229e-02
7.294066810944897783e-02
1.294345005775449364e-01
7.267720875669046732e-02
8.943936902292488889e-02
1.587526999391765947e-01
1.892366708071563652e-01
8.325056433640325160e-02
1.256870005452451200e-01
1.046172347463850266e-01
1.088465760246073999e-01
6.714738000512095184e-03
6.175589974377521801e-02
2.566833974832320731e-02
3.437992436317119371e-02
4.769536386224736829e-02
1.679309620311345008e-02
2.770846373587830536e-02
3.663923657351858543e-02
7.035529138862325893e-02
2.633465307559000601e-02
7.436721261120719795e-02
1.255004273255838076e-01
8.142523156105990756e-02
1.745731224766221626e-02
4.616955449404502865e-02
7.332000250438751310e-03
3.862003983555498121e-02
2.408335789218124523e-02
2.133001213243542263e-02
7.001782050146196368e-02
2.841568734650867963e-03
9.508197586585399527e-03
1.173586072685699720e-02
9.617755157077986783e-02
2.682426988646054167e-02
3.089288411859180544e-02
4.710029391397373838e-02
5.717453252314586010e-02
2.594003344786017032e-02
5.650700751916337694e-02
1.596999101170823443e-01
6.821740114852084536e-02
5.671601138068303738e-02
3.832106407522195557e-02
6.421862150511634115e-02
1.174434453943204275e-02
1.251228363397897669e-01
4.191131463448007771e-02
4.175487871439580168e-02
1.481046408702751949e-01
6.069242318183117046e-02
1.021017646014112795e-02
1.487691987926713366e-01
1.423473719344618971e-01
1.084933946510653335e-01
5.196580992630464579e-02
8.076774862906245522e-02
4.642026878263531831e-02
3.108109115544725395e-02
2.433906082081959896e-02
2.434790359570080109e-01
1.350919927992602632e-01
3.756179294248628009e-02
8.653589532502543868e-02
1.021626827972861723e-01
7.585976302726710196e-02
6.675352091372893648e-02
3.298939641801776346e-02
4.134777048689255302e-02
6.725512934849899038e-02
3.682062609917253343e-02
2.365919688591859235e-02
6.833441770717978148e-02
6.554567392856618102e-02
4.109955144440505942e-02
1.646453986137038916e-01
1.323701928878518452e-01
1.056140689360792473e-01
1.929161673900147561e-02
1.090641828975383136e-02
3.004140536526694327e-01
3.209807682939849749e-02
1.183178133432123275e-01
4.540812217490907687e-01
1.992392216847957698e-01
1.222980511814376336e-01
3.442572486827478323e-02
2.487550311047907053e-02
1.441373945146417479e-01
6.793789325137979118e-02
9.777635086768439454e-02
7.623978230093111930e-02
8.828087087527089483e-02
3.917199217797807248e-02
5.012291724017545191e-02
1.276520920103676737e-01
6.096502756410131230e-02
3.891779244723598402e-02
7.911216350648989093e-02
7.350279394222256069e-02
4.371107591087500938e-02
4.967810218165001623e-02
7.716189094044692554e-02
9.070652336171559915e-02
6.408451093491110973e-01
2.940099172094395863e-01
1.573919486327435002e-01
4.128111136133841980e-02
1.257103953315850779e-02
1.736741331455701753e-01
1.945298128023985607e-01
2.470924248981606897e-01
9.269751359144523528e-02
3.937354758638778596e-01
1.294126335878874878e-01
2.248194592245671974e-01
9.090537148411537149e-02
8.463004487234480899e-02
5.752732972503302178e-02
5.678416833734183794e-02
9.352970404555620287e-02
5.241593200028298732e-02
4.452257690943599994e-02
5.004591744049578100e-02
4.552862112977345416e-02
3.763061677835988217e-02
8.254767503149681995e-02
6.599565370615889659e-02
1.481087374461527162e-01
1.020619133244008853e-01
1.403225861098553462e-01
1.542371989521391928e-01
5.322771833161422245e-02
1.481776478455898438e-01
4.995456958187060037e-01
4.100061870788597185e-01
2.567946056837795352e-02
1.179761924150745378e-01
2.056792451288518842e-01
1.872023780876716503e-01
1.393524598342153198e-01
8.705034022314638020e-02
5.863441517237372863e-02
1.810659945822817307e-01
1.350725205619041080e-01
5.966768008064057827e-02
8.561270376008790761e-02
8.298228810074749495e-02
2.219004197335423534e-01
2.903490585587799044e-01
2.697297733005140155e-02
1.446221998449173374e-01
2.164893053493137931e-01
1.370859430236212040e-01
5.388629938900002525e-02
1.104631947403278830e-01
6.170826696721885829e-02
1.647430420869290535e-01
4.406550259568942640e-01
4.595929230830397144e-02
7.593896354876764065e-02
8.827985316331564414e-02
6.158223535374079960e-02
5.253265551486915874e-02
3.466483186339439776e-02
7.318457555184072760e-02
2.133800401008251191e-01
9.830698949435841272e-02
2.586096838955774524e-02
7.819507660960024753e-02
1.257077435468909321e-01
9.930116543826518483e-02
1.375308510736416578e-01
2.515918555173604632e-01
5.371348129108492742e-02
9.067279489981792950e-02
1.684222997150626455e-01
7.905223379374881620e-02
1.267008591122347483e-01
3.334550212598892671e-02
5.715860980908159944e-02
4.102909144009694170e-02
1.230197486505504728e-01
3.288192778672349020e-02
1.646797035285885447e-01
3.455635067041343267e-02
1.234419538787049769e-01
2.833689427669445343e-02
3.363224722142625633e-02
2.307154861523623424e-02
2.245435714839779176e-02
5.003930785187157837e-02
6.022846649489025511e-02
1.770404125885376850e-02
3.978835414670397336e-02
2.994413329363829548e-02
2.434258682459292805e-02
3.590938027179305103e-02
3.633130950861614833e-02
3.511591091908910361e-02
6.497861918978563300e-02
8.042824145487112442e-02
5.067776617106895670e-02
5.927481821407985102e-02
6.894933947562914556e-02
1.358579432261775299e-01
1.323746594523129705e-01
5.256441147782890677e-02
7.538118335861677954e-02
1.392723047777756074e-01
2.097414870855681540e-02
3.846479160123750241e-02
1.649443838304334026e-02
6.736098780823174259e-02
4.844212491529309439e-02
6.302589396137729671e-02
5.943110680688870606e-02
1.167173308900740225e-01
3.650432138752007089e-02
7.710502580098309300e-02
5.870881379404650074e-02
1.605833197833046178e-01
4.573848542646704457e-02
5.572475016537677128e-02
7.733099777526873664e-02
5.037784427133124021e-02
6.939054927769455761e-02
2.564840452237618917e-01
1.086452643691881437e-01
1.753657085705969398e-01
4.563383678124055542e-02
1.278978369760150335e-01
2.707966078090306983e-02
2.757905123953638404e-02
8.050719800043855401e-02
3.613543143651965633e-02
5.039530404445153461e-02
5.829727698700527816e-02
8.461283594904234207e-02
4.082140954752658951e-02
3.998675360464105932e-02
2.972352791579915277e-01
1.099446101312636682e-02
3.941429906233325647e-02
1.433361489508895026e-01
1.352677135399681374e-01
4.582454731546679871e-02
3.823321543816947388e-02
6.307434690318505788e-02
3.148292133150774191e-02
1.140792869147697758e-01
3.323413506760769520e-02
6.485325845702868963e-02
1.373095319971097128e-01
1.732224611819927207e-01
7.021821650130258274e-02
1.308459832769851561e-01
1.284480230781835097e-01
1.528848809245521474e-02
4.340467882394979243e-02
2.703669040216329089e-02
2.920589929283399014e-02
3.405178828838550942e-02
5.143801356165223632e-02
3.817272124261120864e-02
1.146255388744912319e-02
9.056709107313702656e-02
4.796155994034800168e-02
4.230409571260352469e-02
2.023614818842497595e-02
1.984137939187226307e-02
1.167140589166595042e-02
1.772788907778711717e-02
8.299785051554641260e-03
1.391248028954998883e-01
1.818547649331219915e-02
2.542386063978692781e-02
1.028724714224569653e-01
2.167491533989454600e-02
2.419024711967542388e-02
4.617024704219772208e-02
3.801337171835097312e-02
4.239633547591568907e-02
5.434779123698035841e-02
3.407754823147837731e-02
8.333326087386493108e-02
9.206490059144238625e-02
4.497956764780976918e-02
4.580057411751290580e-02
2.048538607948900692e-02
7.057955298833067104e-02
1.106861519281572559e-01
1.187389959425886737e-01
5.718686238912418229e-02
2.433639691681109551e-02
3.617844336388770232e-02
4.004113684779002369e-02
9.075976854298013763e-02
2.532830905027396232e-02
1.409013272515871884e-01
1.309753653459263256e-01
7.833337355757971632e-02
1.345410651206654928e-01
6.006567208330450963e-02
4.070799905976389688e-02
2.889098301418544304e-02
1.841435182466347881e-02
4.271546621951882033e-02
5.150180986858760024e-02
2.550598456029465333e-02
5.739683503070774906e-02
4.512829112294355904e-02
3.608962129592865192e-02
2.094328457612816205e-02
3.890194993984747579e-02
2.618656966360339428e-02
6.202411849251025094e-02
1.565418372188057683e-01
